0 57
1 68
1 25
1 23
1 9
1 95
2 72
2 25
2 51
2 93
2 23
3 36
3 5
3 43
3 77
3 87
3 26
3 28
4 89
4 79
5 50
5 39
6 81
6 63
7 33
7 66
7 12
7 75
7 44
7 16
8 90
8 67
8 34
9 82
9 18
9 62
9 33
10 57
10 98
10 92
10 69
10 21
11 24
11 98
11 92
11 42
12 81
12 49
12 98
12 41
13 99
13 37
13 14
13 49
13 84
13 86
13 52
13 58
13 63
14 78
14 77
15 72
15 60
15 35
15 84
15 63
18 27
18 40
18 75
18 78
18 52
18 88
18 59
19 84
20 42
20 75
20 76
20 78
20 56
20 57
20 93
21 43
21 75
21 27
21 42
21 94
22 40
22 49
22 60
23 83
23 69
23 47
24 70
24 80
24 51
24 85
24 59
25 61
25 86
25 87
26 39
27 39
27 41
27 75
27 89
28 32
28 44
29 81
29 37
30 70
30 79
31 95
32 97
32 86
33 99
33 86
33 79
34 72
34 82
35 73
35 71
37 40
37 71
38 89
38 67
39 75
39 86
40 92
41 73
41 61
41 95
42 59
42 52
43 67
43 46
45 65
45 74
45 51
45 53
46 57
46 97
47 98
47 75
47 90
47 94
48 96
48 98
48 62
48 78
49 57
50 77
50 78
50 79
52 55
52 71
53 72
53 64
53 99
53 94
54 78
54 55
55 68
56 91
57 99
57 71
57 84
58 74
60 98
60 74
60 80
60 87
61 94
62 71
62 74
62 88
62 90
64 83
65 73
65 85
65 86
66 89
66 67
68 87
69 81
69 77
71 97
72 79
73 90
74 99
75 81
75 88
77 81
77 91
81 96
82 86
83 86
84 95
86 89
87 93
90 92