0 0 0.00420980477093
0 1 0.152048194384
0 2 0.756429822644
0 3 0.574879857207
0 4 0.123282287331
0 5 0.698463977896
0 6 0.659206804921
0 7 0.110122825904
0 8 0.136501773923
1 0 0.253650290515
1 1 0.621969380515
1 2 0.492297812701
1 3 0.659607102936
1 4 0.0803274384967
1 5 0.606864016027
1 6 0.828556944861
1 7 0.974090316424
1 8 0.842337484773
2 0 0.151108797637
2 1 0.143457687966
2 2 0.492402112601
2 3 0.977744890676
2 4 0.470440890188
2 5 0.735228414154
2 6 0.652603436149
2 7 0.536991390148
2 8 0.403308264151
3 0 0.932824034125
3 1 0.157226243991
3 2 0.839050349214
3 3 0.652042682481
3 4 0.582326582208
3 5 0.29801445634
3 6 0.271289241448
3 7 0.201754409717
3 8 0.974666833655
4 0 0.876843744234
4 1 0.00489399694159
4 2 0.47252343266
4 3 0.117657772368
4 4 0.527849572674
4 5 0.124930147471
4 6 0.550185229667
4 7 0.150875613293
4 8 0.264794298785
