1 1 0 0 42
1 1 0 1 1520
1 2 0 0 7564
1 2 0 1 5748
1 3 0 0 1232
1 3 0 1 6984
1 4 0 0 6592
1 4 0 1 1101
1 5 0 0 1365
1 1 1 0 2536
1 1 1 1 6219
1 2 1 0 4922
1 2 1 1 6596
1 3 1 0 803
1 3 1 1 6068
1 4 1 0 8285
1 4 1 1 9740
1 5 1 0 8423
2 1 0 0 1511
2 1 0 1 1434
2 2 0 0 4924
2 2 0 1 9777
2 3 0 0 4704
2 3 0 1 7352
2 4 0 0 6526
2 4 0 1 5369
2 5 0 0 4033
2 1 1 0 9328
2 1 1 1 1572
2 2 1 0 8390
2 2 1 1 6520
2 3 1 0 5823
2 3 1 1 2980
2 4 1 0 2712
2 4 1 1 2017
2 5 1 0 9746
3 1 0 0 8768
3 1 0 1 48
3 2 0 0 4725
3 2 0 1 1176
3 3 0 0 5278
3 3 0 1 1249
3 4 0 0 5501
3 4 0 1 1508
3 5 0 0 2647
