1	1	1	0	1	9559392	1	0	9559392	0	0	2312164	1	1	45107257
1	1	2	0	1	2781216	1	0	12749942	0	0	2243142	1	1	33432076
1	1	3	1	0	22534160	0	0	441216
1	2	1	0	1	75143816	1	0	75143816	0	0	90253600	1	1	67733300
1	2	2	0	1	100938920	1	0	88725020	0	0	93443332	1	1	84301500
1	2	3	1	0	31013346	0	0	42499548
1	3	1	0	1	43368208	1	0	43368208	0	0	50294080	1	1	37465433
1	3	2	0	1	27986256	1	0	48389248	0	0	57141696	1	1	22758509
1	3	3	1	0	11817166	0	0	15225512
1	4	1	0	1	65338460	1	0	65338460	0	0	44666665	1	1	163508825
1	4	2	0	1	20098221	1	0	106361970	0	0	48930661	1	1	42114500
1	4	3	1	0	60263705	0	0	37922900
1	5	1	0	1	11497395	1	0	11497395	0	0	1863225	1	1	70946929
1	5	2	0	1	13303290	1	0	33969959	0	0	5505045	1	1	82090558
1	5	3	1	0	22295681	0	0	3613155
2	1	1	0	1	12749942	1	0	2781216	0	0	2243142	1	1	33432076
2	1	2	0	1	16348856	1	0	16348856	0	0	4339477	1	1	89482768
2	1	3	1	0	81863360	0	0	13317280
2	2	1	0	1	88725020	1	0	100938920	0	0	93443332	1	1	84301500
2	2	2	0	1	105058400	1	0	105058400	0	0	119835505	1	1	112902500
2	2	3	1	0	47310270	0	0	34763652
2	3	1	0	1	48389248	1	0	27986256	0	0	57141696	1	1	22758509
2	3	2	0	1	49300352	1	0	49300352	0	0	76179520	1	1	42787729
2	3	3	1	0	34455814	0	0	34010360
2	4	1	0	1	106361970	1	0	20098221	0	0	48930661	1	1	42114500
2	4	2	0	1	28527785	1	0	28527785	0	0	71414837	1	1	11423233
2	4	3	1	0	17960348	0	0	43995978
2	5	1	0	1	33969959	1	0	13303290	0	0	5505045	1	1	82090558
2	5	2	0	1	39305618	1	0	39305618	0	0	16265089	1	1	94984516
2	5	3	1	0	25797662	0	0	10675351
3	1	1	0	1	22534160	0	0	441216
3	1	2	0	1	81863360	0	0	13317280
3	1	3	0	0	76880128
3	2	1	0	1	31013346	0	0	42499548
3	2	2	0	1	47310270	0	0	34763652
3	2	3	0	0	23708601
3	3	1	0	1	11817166	0	0	15225512
3	3	2	0	1	34455814	0	0	34010360
3	3	3	0	0	29417285
3	4	1	0	1	60263705	0	0	37922900
3	4	2	0	1	17960348	0	0	43995978
3	4	3	0	0	32535065
3	5	1	0	1	22295681	0	0	3613155
3	5	2	0	1	25797662	0	0	10675351
3	5	3	0	0	7006609
